
<table style="text-align:center"><tr><td colspan="14" style="border-bottom: 1px solid black"></td></tr><tr><td style="text-align:left"></td><td>amountAquired</td><td>NumberDirectors</td><td>AnnualReportDate</td><td>GenderRatio</td><td>AGE</td><td>roa</td><td>xrd</td><td>aquisitionFin</td><td>aqusitionsNot0</td><td>CEOTenure</td><td>compRatio</td><td>laggedAquisition</td><td>amountAquired_mean</td></tr>
<tr><td colspan="14" style="border-bottom: 1px solid black"></td></tr><tr><td style="text-align:left">amountAquired</td><td>1</td><td>0.139</td><td>-0.021</td><td>-0.076</td><td>-0.057</td><td>0.075</td><td>0.208</td><td>0.119</td><td>0.540</td><td>-0.008</td><td>0.021</td><td>0.639</td><td>0.080</td></tr>
<tr><td style="text-align:left">NumberDirectors</td><td>0.139</td><td>1</td><td>0.027</td><td>-0.376</td><td>0.074</td><td>0.167</td><td>0.203</td><td>0.141</td><td>0.171</td><td>-0.129</td><td>-0.141</td><td>0.164</td><td>-0.036</td></tr>
<tr><td style="text-align:left">AnnualReportDate</td><td>-0.021</td><td>0.027</td><td>1</td><td>-0.365</td><td>0.095</td><td>0.018</td><td>0.058</td><td>0.051</td><td>-0.019</td><td>0.009</td><td>-0.089</td><td>0.014</td><td>-0.456</td></tr>
<tr><td style="text-align:left">GenderRatio</td><td>-0.076</td><td>-0.376</td><td>-0.365</td><td>1</td><td>0.026</td><td>-0.109</td><td>-0.155</td><td>-0.088</td><td>-0.080</td><td>0.151</td><td>0.148</td><td>-0.096</td><td>0.288</td></tr>
<tr><td style="text-align:left">AGE</td><td>-0.057</td><td>0.074</td><td>0.095</td><td>0.026</td><td>1</td><td>0.079</td><td>-0.021</td><td>0.015</td><td>-0.064</td><td>0.401</td><td>0.023</td><td>-0.050</td><td>-0.043</td></tr>
<tr><td style="text-align:left">roa</td><td>0.075</td><td>0.167</td><td>0.018</td><td>-0.109</td><td>0.079</td><td>1</td><td>0.082</td><td>0.023</td><td>0.108</td><td>0.036</td><td>0.009</td><td>0.070</td><td>0.039</td></tr>
<tr><td style="text-align:left">xrd</td><td>0.208</td><td>0.203</td><td>0.058</td><td>-0.155</td><td>-0.021</td><td>0.082</td><td>1</td><td>0.213</td><td>0.141</td><td>-0.019</td><td>-0.067</td><td>0.245</td><td>-0.042</td></tr>
<tr><td style="text-align:left">aquisitionFin</td><td>0.119</td><td>0.141</td><td>0.051</td><td>-0.088</td><td>0.015</td><td>0.023</td><td>0.213</td><td>1</td><td>0.095</td><td>-0.015</td><td>-0.035</td><td>0.134</td><td>-0.017</td></tr>
<tr><td style="text-align:left">aqusitionsNot0</td><td>0.540</td><td>0.171</td><td>-0.019</td><td>-0.080</td><td>-0.064</td><td>0.108</td><td>0.141</td><td>0.095</td><td>1</td><td>-0.073</td><td>-0.031</td><td>0.315</td><td>0.075</td></tr>
<tr><td style="text-align:left">CEOTenure</td><td>-0.008</td><td>-0.129</td><td>0.009</td><td>0.151</td><td>0.401</td><td>0.036</td><td>-0.019</td><td>-0.015</td><td>-0.073</td><td>1</td><td>0.130</td><td>-0.021</td><td>0.015</td></tr>
<tr><td style="text-align:left">compRatio</td><td>0.021</td><td>-0.141</td><td>-0.089</td><td>0.148</td><td>0.023</td><td>0.009</td><td>-0.067</td><td>-0.035</td><td>-0.031</td><td>0.130</td><td>1</td><td>-0.004</td><td>0.024</td></tr>
<tr><td style="text-align:left">laggedAquisition</td><td>0.639</td><td>0.164</td><td>0.014</td><td>-0.096</td><td>-0.050</td><td>0.070</td><td>0.245</td><td>0.134</td><td>0.315</td><td>-0.021</td><td>-0.004</td><td>1</td><td>0.012</td></tr>
<tr><td style="text-align:left">amountAquired_mean</td><td>0.080</td><td>-0.036</td><td>-0.456</td><td>0.288</td><td>-0.043</td><td>0.039</td><td>-0.042</td><td>-0.017</td><td>0.075</td><td>0.015</td><td>0.024</td><td>0.012</td><td>1</td></tr>
<tr><td colspan="14" style="border-bottom: 1px solid black"></td></tr></table>
