
<table style="text-align:center"><tr><td colspan="14" style="border-bottom: 1px solid black"></td></tr><tr><td style="text-align:left"></td><td>amountAquired</td><td>NumberDirectors</td><td>AnnualReportDate</td><td>GenderRatio</td><td>AGE</td><td>roa</td><td>xrd</td><td>aquisitionFin</td><td>aqusitionsNot0</td><td>CEOTenure</td><td>compRatio</td><td>laggedAquisition</td><td>amountAquired_mean</td></tr>
<tr><td colspan="14" style="border-bottom: 1px solid black"></td></tr><tr><td style="text-align:left">amountAquired</td><td>1</td><td>0.151</td><td>0.004</td><td>-0.077</td><td>-0.030</td><td>0.060</td><td>0.145</td><td>0.113</td><td>0.546</td><td>-0.006</td><td>0.002</td><td>0.609</td><td>0.024</td></tr>
<tr><td style="text-align:left">NumberDirectors</td><td>0.151</td><td>1</td><td>0.007</td><td>-0.371</td><td>0.055</td><td>0.158</td><td>0.293</td><td>0.188</td><td>0.177</td><td>-0.133</td><td>-0.172</td><td>0.177</td><td>-0.028</td></tr>
<tr><td style="text-align:left">AnnualReportDate</td><td>0.004</td><td>0.007</td><td>1</td><td>-0.300</td><td>0.087</td><td>0.006</td><td>0.032</td><td>0.046</td><td>0.014</td><td>0.020</td><td>-0.083</td><td>0.012</td><td>-0.176</td></tr>
<tr><td style="text-align:left">GenderRatio</td><td>-0.077</td><td>-0.371</td><td>-0.300</td><td>1</td><td>0.039</td><td>-0.100</td><td>-0.170</td><td>-0.101</td><td>-0.088</td><td>0.162</td><td>0.185</td><td>-0.079</td><td>0.140</td></tr>
<tr><td style="text-align:left">AGE</td><td>-0.030</td><td>0.055</td><td>0.087</td><td>0.039</td><td>1</td><td>0.074</td><td>0.012</td><td>0.021</td><td>-0.070</td><td>0.393</td><td>0.018</td><td>-0.014</td><td>-0.003</td></tr>
<tr><td style="text-align:left">roa</td><td>0.060</td><td>0.158</td><td>0.006</td><td>-0.100</td><td>0.074</td><td>1</td><td>0.070</td><td>0.017</td><td>0.080</td><td>0.035</td><td>-0.032</td><td>0.058</td><td>0.051</td></tr>
<tr><td style="text-align:left">xrd</td><td>0.145</td><td>0.293</td><td>0.032</td><td>-0.170</td><td>0.012</td><td>0.070</td><td>1</td><td>0.233</td><td>0.154</td><td>-0.046</td><td>-0.073</td><td>0.188</td><td>-0.015</td></tr>
<tr><td style="text-align:left">aquisitionFin</td><td>0.113</td><td>0.188</td><td>0.046</td><td>-0.101</td><td>0.021</td><td>0.017</td><td>0.233</td><td>1</td><td>0.108</td><td>-0.010</td><td>-0.041</td><td>0.129</td><td>0.005</td></tr>
<tr><td style="text-align:left">aqusitionsNot0</td><td>0.546</td><td>0.177</td><td>0.014</td><td>-0.088</td><td>-0.070</td><td>0.080</td><td>0.154</td><td>0.108</td><td>1</td><td>-0.072</td><td>-0.069</td><td>0.315</td><td>-0.001</td></tr>
<tr><td style="text-align:left">CEOTenure</td><td>-0.006</td><td>-0.133</td><td>0.020</td><td>0.162</td><td>0.393</td><td>0.035</td><td>-0.046</td><td>-0.010</td><td>-0.072</td><td>1</td><td>0.150</td><td>-0.011</td><td>0.023</td></tr>
<tr><td style="text-align:left">compRatio</td><td>0.002</td><td>-0.172</td><td>-0.083</td><td>0.185</td><td>0.018</td><td>-0.032</td><td>-0.073</td><td>-0.041</td><td>-0.069</td><td>0.150</td><td>1</td><td>-0.011</td><td>0.003</td></tr>
<tr><td style="text-align:left">laggedAquisition</td><td>0.609</td><td>0.177</td><td>0.012</td><td>-0.079</td><td>-0.014</td><td>0.058</td><td>0.188</td><td>0.129</td><td>0.315</td><td>-0.011</td><td>-0.011</td><td>1</td><td>0.009</td></tr>
<tr><td style="text-align:left">amountAquired_mean</td><td>0.024</td><td>-0.028</td><td>-0.176</td><td>0.140</td><td>-0.003</td><td>0.051</td><td>-0.015</td><td>0.005</td><td>-0.001</td><td>0.023</td><td>0.003</td><td>0.009</td><td>1</td></tr>
<tr><td colspan="14" style="border-bottom: 1px solid black"></td></tr></table>
