
<table style="text-align:center"><tr><td colspan="14" style="border-bottom: 1px solid black"></td></tr><tr><td style="text-align:left"></td><td>amountAquired</td><td>NumberDirectors</td><td>AnnualReportDate</td><td>GenderRatio</td><td>AGE</td><td>roa</td><td>xrd</td><td>aquisitionFin</td><td>aqusitionsNot0</td><td>CEOTenure</td><td>compRatio</td><td>laggedAquisition</td><td>amountAquired_mean</td></tr>
<tr><td colspan="14" style="border-bottom: 1px solid black"></td></tr><tr><td style="text-align:left">amountAquired</td><td>1</td><td>0.144</td><td>0.015</td><td>-0.100</td><td>-0.056</td><td>0.075</td><td>0.233</td><td>0.134</td><td>0.534</td><td>-0.008</td><td>0.021</td><td>0.648</td><td>0.029</td></tr>
<tr><td style="text-align:left">NumberDirectors</td><td>0.144</td><td>1</td><td>0.021</td><td>-0.380</td><td>0.080</td><td>0.167</td><td>0.226</td><td>0.146</td><td>0.180</td><td>-0.129</td><td>-0.146</td><td>0.169</td><td>-0.030</td></tr>
<tr><td style="text-align:left">AnnualReportDate</td><td>0.015</td><td>0.021</td><td>1</td><td>-0.302</td><td>0.085</td><td>0.033</td><td>0.054</td><td>0.054</td><td>0.028</td><td>0.011</td><td>-0.092</td><td>0.020</td><td>-0.184</td></tr>
<tr><td style="text-align:left">GenderRatio</td><td>-0.100</td><td>-0.380</td><td>-0.302</td><td>1</td><td>0.037</td><td>-0.123</td><td>-0.170</td><td>-0.094</td><td>-0.106</td><td>0.157</td><td>0.153</td><td>-0.105</td><td>0.146</td></tr>
<tr><td style="text-align:left">AGE</td><td>-0.056</td><td>0.080</td><td>0.085</td><td>0.037</td><td>1</td><td>0.085</td><td>-0.018</td><td>0.007</td><td>-0.060</td><td>0.402</td><td>0.021</td><td>-0.051</td><td>-0.003</td></tr>
<tr><td style="text-align:left">roa</td><td>0.075</td><td>0.167</td><td>0.033</td><td>-0.123</td><td>0.085</td><td>1</td><td>0.080</td><td>0.023</td><td>0.108</td><td>0.036</td><td>0.010</td><td>0.068</td><td>0.036</td></tr>
<tr><td style="text-align:left">xrd</td><td>0.233</td><td>0.226</td><td>0.054</td><td>-0.170</td><td>-0.018</td><td>0.080</td><td>1</td><td>0.206</td><td>0.154</td><td>-0.017</td><td>-0.070</td><td>0.283</td><td>-0.024</td></tr>
<tr><td style="text-align:left">aquisitionFin</td><td>0.134</td><td>0.146</td><td>0.054</td><td>-0.094</td><td>0.007</td><td>0.023</td><td>0.206</td><td>1</td><td>0.111</td><td>-0.015</td><td>-0.035</td><td>0.144</td><td>-0.008</td></tr>
<tr><td style="text-align:left">aqusitionsNot0</td><td>0.534</td><td>0.180</td><td>0.028</td><td>-0.106</td><td>-0.060</td><td>0.108</td><td>0.154</td><td>0.111</td><td>1</td><td>-0.075</td><td>-0.035</td><td>0.316</td><td>-0.009</td></tr>
<tr><td style="text-align:left">CEOTenure</td><td>-0.008</td><td>-0.129</td><td>0.011</td><td>0.157</td><td>0.402</td><td>0.036</td><td>-0.017</td><td>-0.015</td><td>-0.075</td><td>1</td><td>0.130</td><td>-0.019</td><td>0.028</td></tr>
<tr><td style="text-align:left">compRatio</td><td>0.021</td><td>-0.146</td><td>-0.092</td><td>0.153</td><td>0.021</td><td>0.010</td><td>-0.070</td><td>-0.035</td><td>-0.035</td><td>0.130</td><td>1</td><td>0.001</td><td>0.015</td></tr>
<tr><td style="text-align:left">laggedAquisition</td><td>0.648</td><td>0.169</td><td>0.020</td><td>-0.105</td><td>-0.051</td><td>0.068</td><td>0.283</td><td>0.144</td><td>0.316</td><td>-0.019</td><td>0.001</td><td>1</td><td>0.011</td></tr>
<tr><td style="text-align:left">amountAquired_mean</td><td>0.029</td><td>-0.030</td><td>-0.184</td><td>0.146</td><td>-0.003</td><td>0.036</td><td>-0.024</td><td>-0.008</td><td>-0.009</td><td>0.028</td><td>0.015</td><td>0.011</td><td>1</td></tr>
<tr><td colspan="14" style="border-bottom: 1px solid black"></td></tr></table>
